route_id,service_id,trip_id,trip_headsign,direction_id,block_id,shape_id
1,1,1,,0,,
1,1,2,,0,,
1,1,3,,0,,
1,1,4,,0,,
1,1,5,,0,,
1,1,6,,0,,
1,1,7,,0,,
1,1,8,,0,,
1,1,9,,0,,
1,1,10,,0,,
1,1,11,,0,,
1,1,12,,0,,
1,1,13,,0,,
1,1,14,,0,,
1,1,15,,0,,
1,1,16,,0,,
1,1,17,,0,,
1,1,18,,0,,
1,1,19,,0,,
1,1,20,,0,,
1,1,21,,0,,
1,1,22,,0,,
1,1,23,,0,,
1,1,24,,0,,
1,1,25,,0,,
1,1,26,,0,,
1,1,27,,0,,
1,1,28,,0,,
1,1,29,,0,,
1,1,30,,0,,
1,1,31,,0,,
1,1,32,,0,,
1,1,33,,0,,
1,1,34,,0,,
1,1,35,,0,,
1,1,36,,0,,
1,1,37,,0,,
1,1,38,,0,,
1,1,39,,0,,
1,1,40,,0,,
1,1,41,,0,,
1,1,42,,0,,
1,1,43,,0,,
1,1,44,,0,,
1,1,45,,0,,
1,1,46,,0,,
1,1,47,,0,,
1,1,48,,0,,
1,1,49,,0,,
1,1,50,,0,,
1,1,51,,0,,
1,1,52,,0,,
1,1,53,,0,,
1,1,54,,0,,
1,1,55,,0,,
1,1,56,,0,,
1,1,57,,0,,
1,1,58,,0,,
1,1,59,,0,,
1,1,60,,0,,
1,1,61,,0,,
1,1,62,,0,,
1,1,63,,0,,
1,1,64,,0,,
1,1,65,,0,,
1,1,66,,0,,
1,1,67,,0,,
1,1,68,,0,,
1,1,69,,0,,
1,1,70,,0,,
1,1,71,,0,,
1,1,72,,0,,
1,1,73,,0,,
1,1,74,,0,,
1,1,75,,0,,
1,1,76,,0,,
1,1,77,,0,,
1,1,78,,0,,
1,1,79,,0,,
1,1,80,,0,,
1,1,81,,0,,
1,1,82,,0,,
1,1,83,,0,,
1,1,84,,0,,
1,1,85,,0,,
1,1,86,,0,,
1,1,87,,0,,
1,1,88,,0,,
1,1,89,,0,,
1,1,90,,0,,
1,1,91,,0,,
1,1,92,,0,,
1,1,93,,0,,
1,1,94,,0,,
1,1,95,,0,,
1,1,96,,0,,
1,1,97,,0,,
1,1,98,,0,,
1,1,99,,0,,
1,1,100,,0,,
1,1,101,,0,,
1,1,102,,0,,
1,1,103,,0,,
1,1,104,,0,,
1,1,105,,0,,
1,1,106,,0,,
1,1,107,,0,,
1,1,108,,0,,
1,1,109,,0,,
1,1,110,,0,,
1,1,111,,0,,
1,1,112,,0,,
1,1,113,,0,,
1,1,114,,0,,
1,1,115,,0,,
1,1,116,,0,,
1,1,117,,0,,
1,1,118,,0,,
1,1,119,,0,,
1,1,120,,0,,
1,1,121,,0,,
1,1,122,,0,,
1,1,123,,0,,
1,1,124,,0,,
1,1,125,,0,,
1,1,126,,0,,
1,1,127,,0,,
1,1,128,,0,,
1,1,129,,0,,
1,1,130,,0,,
1,1,131,,0,,
1,1,132,,0,,
1,1,133,,0,,
1,1,134,,0,,
1,1,135,,0,,
1,1,136,,0,,
1,1,137,,0,,
1,1,138,,0,,
1,1,139,,0,,
1,1,140,,0,,
1,1,141,,0,,
1,1,142,,0,,
1,1,143,,0,,
1,1,144,,0,,
1,1,145,,0,,
1,1,146,,0,,
1,1,147,,0,,
1,1,148,,0,,
1,1,149,,0,,
1,1,150,,0,,
1,1,151,,0,,
1,1,152,,0,,
1,1,153,,0,,
1,1,154,,0,,
1,1,155,,0,,
1,1,156,,0,,
1,1,157,,0,,
1,1,158,,0,,
1,1,159,,0,,
1,1,160,,0,,
1,1,161,,0,,
1,1,162,,0,,
1,1,163,,0,,
1,1,164,,0,,
1,1,165,,0,,
1,1,166,,0,,
1,1,167,,0,,
1,1,168,,0,,
1,1,169,,0,,
1,1,170,,0,,
1,1,171,,0,,
1,1,172,,0,,
1,1,173,,0,,
1,1,174,,0,,
1,1,175,,0,,
1,1,176,,0,,
1,1,177,,0,,
1,1,178,,0,,
1,1,179,,0,,
1,1,180,,0,,
1,1,181,,0,,
1,1,182,,0,,
1,1,183,,0,,
1,1,184,,0,,
1,1,185,,0,,
1,1,186,,0,,
1,1,187,,0,,
1,1,188,,0,,
1,1,189,,0,,
1,1,190,,0,,
1,1,191,,0,,
1,1,192,,0,,
1,1,193,,0,,
1,1,194,,0,,
1,1,195,,0,,
1,1,196,,0,,
1,1,197,,0,,
1,1,198,,0,,
1,1,199,,0,,
1,1,200,,0,,
1,1,201,,0,,
1,1,202,,0,,
1,1,203,,0,,
1,1,204,,0,,
1,1,205,,0,,
1,1,206,,0,,
1,1,207,,0,,
1,1,208,,0,,
1,1,209,,0,,
1,1,210,,0,,
1,1,211,,0,,
1,1,212,,0,,
1,1,213,,0,,
1,1,214,,0,,
1,1,215,,0,,
1,1,216,,0,,
1,1,217,,0,,
1,1,218,,0,,
1,1,219,,0,,
1,1,220,,0,,
1,1,221,,0,,
1,1,222,,0,,
1,1,223,,0,,
1,1,224,,0,,
1,1,225,,0,,
1,1,226,,0,,
1,1,227,,0,,
1,1,228,,0,,
1,1,229,,0,,
1,1,230,,0,,
1,1,231,,0,,
1,1,232,,0,,
1,1,233,,0,,
1,1,234,,0,,
1,1,235,,0,,
1,1,236,,0,,
1,1,237,,0,,
1,1,238,,0,,
1,1,239,,0,,
1,1,240,,0,,
1,1,241,,0,,
1,1,242,,0,,
1,1,243,,0,,
1,1,244,,0,,
1,1,245,,0,,
1,1,246,,0,,
1,1,247,,0,,
1,1,248,,0,,
1,1,249,,0,,
1,1,250,,0,,
1,1,251,,0,,
1,1,252,,0,,
1,1,253,,0,,
1,1,254,,0,,
1,1,255,,0,,
1,1,256,,0,,
1,1,257,,0,,
1,1,258,,0,,
1,1,259,,0,,
1,1,260,,0,,
1,1,261,,0,,
1,1,262,,0,,
1,1,263,,0,,
1,1,264,,0,,
1,1,265,,0,,
1,1,266,,0,,
1,1,267,,0,,
1,1,268,,0,,
1,1,269,,0,,
1,1,270,,0,,
1,1,271,,0,,
1,1,272,,0,,
1,1,273,,0,,
1,1,274,,0,,
1,1,275,,0,,
1,1,276,,0,,
1,1,277,,0,,
1,1,278,,0,,
1,1,279,,0,,
1,1,280,,0,,
1,1,281,,0,,
1,1,282,,0,,
1,1,283,,0,,
1,1,284,,0,,
1,1,285,,0,,
1,1,286,,0,,
1,1,287,,0,,
1,1,288,,0,,
1,1,289,,0,,
1,1,290,,0,,
1,1,291,,0,,
1,1,292,,0,,
1,1,293,,0,,
1,1,294,,0,,
1,1,295,,0,,
1,1,296,,0,,
1,1,297,,0,,
1,1,298,,0,,
1,1,299,,0,,
1,1,300,,0,,
1,1,301,,0,,
1,1,302,,0,,
1,1,303,,0,,
1,1,304,,0,,
1,1,305,,0,,
1,1,306,,0,,
1,1,307,,0,,
1,1,308,,0,,
1,1,309,,0,,
1,1,310,,0,,
1,1,311,,0,,
1,1,312,,0,,
1,1,313,,0,,
1,1,314,,0,,
1,1,315,,0,,
1,1,316,,0,,
1,1,317,,0,,
1,1,318,,0,,
1,1,319,,0,,
1,1,320,,0,,
1,1,321,,0,,
1,1,322,,0,,
1,1,323,,0,,
1,1,324,,0,,
1,1,325,,0,,
1,1,326,,0,,
1,1,327,,0,,
1,1,328,,0,,
1,1,329,,0,,
1,1,330,,0,,
1,1,331,,0,,
1,1,332,,0,,
1,1,333,,0,,
1,1,334,,0,,
1,1,335,,0,,
1,1,336,,0,,
1,1,337,,0,,
1,1,338,,0,,
1,1,339,,0,,
1,1,340,,0,,
1,1,341,,0,,
1,1,342,,0,,
1,1,343,,0,,
1,1,344,,0,,
1,1,345,,0,,
1,1,346,,0,,
1,1,347,,0,,
1,1,348,,0,,
1,1,349,,0,,
1,1,350,,0,,
1,1,351,,0,,
1,1,352,,0,,
1,1,353,,0,,
1,1,354,,0,,
1,1,355,,0,,
1,1,356,,0,,
1,1,357,,0,,
1,1,358,,0,,
1,1,359,,0,,
1,1,360,,0,,
1,1,361,,0,,
1,1,362,,0,,
1,1,363,,0,,
1,1,364,,0,,
1,1,365,,0,,
1,1,366,,0,,
1,1,367,,0,,
1,1,368,,0,,
1,1,369,,0,,
1,1,370,,0,,
1,1,371,,0,,
1,1,372,,0,,
1,1,373,,0,,
1,1,374,,0,,
1,1,375,,0,,
1,1,376,,0,,
1,1,377,,0,,
1,1,378,,0,,
1,1,379,,0,,
1,1,380,,0,,
1,1,381,,0,,
1,1,382,,0,,
1,1,383,,0,,
1,1,384,,0,,
1,1,385,,0,,
1,1,386,,0,,
1,1,387,,0,,
1,1,388,,0,,
1,1,389,,0,,
1,1,390,,0,,
1,1,391,,0,,
1,1,392,,0,,
1,1,393,,0,,
1,1,394,,0,,
1,1,395,,0,,
1,1,396,,0,,
1,1,397,,0,,
1,1,398,,0,,
1,1,399,,0,,
1,1,400,,0,,
1,1,401,,0,,
1,1,402,,0,,
1,1,403,,0,,
1,1,404,,0,,
1,1,405,,0,,
1,1,406,,0,,
1,1,407,,0,,
1,1,408,,0,,
1,1,409,,0,,
1,1,410,,0,,
1,1,411,,0,,
1,1,412,,0,,
1,1,413,,0,,
1,1,414,,0,,
1,1,415,,0,,
1,1,416,,0,,
1,1,417,,0,,
1,1,418,,0,,
1,1,419,,0,,
1,1,420,,0,,
1,1,421,,0,,
1,1,422,,0,,
1,1,423,,0,,
1,1,424,,0,,
1,1,425,,0,,
1,1,426,,0,,
1,1,427,,0,,
1,1,428,,0,,
1,1,429,,0,,
1,1,430,,0,,
1,1,431,,0,,
1,1,432,,0,,
1,1,433,,0,,
1,1,434,,0,,
1,1,435,,0,,
1,1,436,,0,,
1,1,437,,0,,
1,1,438,,0,,
1,1,439,,0,,
1,1,440,,0,,
1,1,441,,0,,
1,1,442,,0,,
1,1,443,,0,,
1,1,444,,0,,
1,1,445,,0,,
1,1,446,,0,,
1,1,447,,0,,
1,1,448,,0,,
1,1,449,,0,,
1,1,450,,0,,
1,1,451,,0,,
1,1,452,,0,,
1,1,453,,0,,
1,1,454,,0,,
1,1,455,,0,,
1,1,456,,0,,
1,1,457,,0,,
1,1,458,,0,,
1,1,459,,0,,
1,1,460,,0,,
1,1,461,,0,,
1,1,462,,0,,
1,1,463,,0,,
1,1,464,,0,,
1,1,465,,0,,
1,1,466,,0,,
1,1,467,,0,,
1,1,468,,0,,
1,1,469,,0,,
1,1,470,,0,,
1,1,471,,0,,
1,1,472,,0,,
1,1,473,,0,,
1,1,474,,0,,
1,1,475,,0,,
1,1,476,,0,,
1,1,477,,0,,
1,1,478,,0,,
1,1,479,,0,,
1,1,480,,0,,
1,1,481,,0,,
1,1,482,,0,,
1,1,483,,0,,
1,1,484,,0,,
1,1,485,,0,,
1,1,486,,0,,
1,1,487,,0,,
1,1,488,,0,,
1,1,489,,0,,
1,1,490,,0,,
1,1,491,,0,,
1,1,492,,0,,
1,1,493,,0,,
1,1,494,,0,,
1,1,495,,0,,
1,1,496,,0,,
1,1,497,,0,,
1,1,498,,0,,
1,1,499,,0,,
1,1,500,,0,,
1,1,501,,0,,
1,1,502,,0,,
1,1,503,,0,,
1,1,504,,0,,
1,1,505,,0,,
1,1,506,,0,,
1,1,507,,0,,
1,1,508,,0,,
1,1,509,,0,,
1,1,510,,0,,
1,1,511,,0,,
1,1,512,,0,,
1,1,513,,0,,
1,1,514,,0,,
1,1,515,,0,,
1,1,516,,0,,
1,1,517,,0,,
1,1,518,,0,,
1,1,519,,0,,
1,1,520,,0,,
1,1,521,,0,,
1,1,522,,0,,
1,1,523,,0,,
1,1,524,,0,,
1,1,525,,0,,
1,1,526,,0,,
1,1,527,,0,,
1,1,528,,0,,
1,1,529,,0,,
1,1,530,,0,,
1,1,531,,0,,
1,1,532,,0,,
1,1,533,,0,,
1,1,534,,0,,
1,1,535,,0,,
1,1,536,,0,,
1,1,537,,0,,
1,1,538,,0,,
1,1,539,,0,,
1,1,540,,0,,
1,1,541,,0,,
1,1,542,,0,,
1,1,543,,0,,
1,1,544,,0,,
1,1,545,,0,,
1,1,546,,0,,
1,1,547,,0,,
1,1,548,,0,,
1,1,549,,0,,
1,1,550,,0,,
1,1,551,,0,,
1,1,552,,0,,
1,1,553,,0,,
1,1,554,,0,,
1,1,555,,0,,
1,1,556,,0,,
1,1,557,,0,,
1,1,558,,0,,
1,1,559,,0,,
1,1,560,,0,,
1,1,561,,0,,
1,1,562,,0,,
1,1,563,,0,,
1,1,564,,0,,
1,1,565,,0,,
1,1,566,,0,,
1,1,567,,0,,
1,1,568,,0,,
1,1,569,,0,,
1,1,570,,0,,
1,1,571,,0,,
1,1,572,,0,,
1,1,573,,0,,
1,1,574,,0,,
1,1,575,,0,,
1,1,576,,0,,
1,1,577,,1,,
1,1,578,,1,,
1,1,579,,1,,
1,1,580,,1,,
1,1,581,,1,,
1,1,582,,1,,
1,1,583,,1,,
1,1,584,,1,,
1,1,585,,1,,
1,1,586,,1,,
1,1,587,,1,,
1,1,588,,1,,
1,1,589,,1,,
1,1,590,,1,,
1,1,591,,1,,
1,1,592,,1,,
1,1,593,,1,,
1,1,594,,1,,
1,1,595,,1,,
1,1,596,,1,,
1,1,597,,1,,
1,1,598,,1,,
1,1,599,,1,,
1,1,600,,1,,
1,1,601,,1,,
1,1,602,,1,,
1,1,603,,1,,
1,1,604,,1,,
1,1,605,,1,,
1,1,606,,1,,
1,1,607,,1,,
1,1,608,,1,,
1,1,609,,1,,
1,1,610,,1,,
1,1,611,,1,,
1,1,612,,1,,
1,1,613,,1,,
1,1,614,,1,,
1,1,615,,1,,
1,1,616,,1,,
1,1,617,,1,,
1,1,618,,1,,
1,1,619,,1,,
1,1,620,,1,,
1,1,621,,1,,
1,1,622,,1,,
1,1,623,,1,,
1,1,624,,1,,
1,1,625,,1,,
1,1,626,,1,,
1,1,627,,1,,
1,1,628,,1,,
1,1,629,,1,,
1,1,630,,1,,
1,1,631,,1,,
1,1,632,,1,,
1,1,633,,1,,
1,1,634,,1,,
1,1,635,,1,,
1,1,636,,1,,
1,1,637,,1,,
1,1,638,,1,,
1,1,639,,1,,
1,1,640,,1,,
1,1,641,,1,,
1,1,642,,1,,
1,1,643,,1,,
1,1,644,,1,,
1,1,645,,1,,
1,1,646,,1,,
1,1,647,,1,,
1,1,648,,1,,
1,1,649,,1,,
1,1,650,,1,,
1,1,651,,1,,
1,1,652,,1,,
1,1,653,,1,,
1,1,654,,1,,
1,1,655,,1,,
1,1,656,,1,,
1,1,657,,1,,
1,1,658,,1,,
1,1,659,,1,,
1,1,660,,1,,
1,1,661,,1,,
1,1,662,,1,,
1,1,663,,1,,
1,1,664,,1,,
1,1,665,,1,,
1,1,666,,1,,
1,1,667,,1,,
1,1,668,,1,,
1,1,669,,1,,
1,1,670,,1,,
1,1,671,,1,,
1,1,672,,1,,
1,1,673,,1,,
1,1,674,,1,,
1,1,675,,1,,
1,1,676,,1,,
1,1,677,,1,,
1,1,678,,1,,
1,1,679,,1,,
1,1,680,,1,,
1,1,681,,1,,
1,1,682,,1,,
1,1,683,,1,,
1,1,684,,1,,
1,1,685,,1,,
1,1,686,,1,,
1,1,687,,1,,
1,1,688,,1,,
1,1,689,,1,,
1,1,690,,1,,
1,1,691,,1,,
1,1,692,,1,,
1,1,693,,1,,
1,1,694,,1,,
1,1,695,,1,,
1,1,696,,1,,
1,1,697,,1,,
1,1,698,,1,,
1,1,699,,1,,
1,1,700,,1,,
1,1,701,,1,,
1,1,702,,1,,
1,1,703,,1,,
1,1,704,,1,,
1,1,705,,1,,
1,1,706,,1,,
1,1,707,,1,,
1,1,708,,1,,
1,1,709,,1,,
1,1,710,,1,,
1,1,711,,1,,
1,1,712,,1,,
1,1,713,,1,,
1,1,714,,1,,
1,1,715,,1,,
1,1,716,,1,,
1,1,717,,1,,
1,1,718,,1,,
1,1,719,,1,,
1,1,720,,1,,
1,1,721,,1,,
1,1,722,,1,,
1,1,723,,1,,
1,1,724,,1,,
1,1,725,,1,,
1,1,726,,1,,
1,1,727,,1,,
1,1,728,,1,,
1,1,729,,1,,
1,1,730,,1,,
1,1,731,,1,,
1,1,732,,1,,
1,1,733,,1,,
1,1,734,,1,,
1,1,735,,1,,
1,1,736,,1,,
1,1,737,,1,,
1,1,738,,1,,
1,1,739,,1,,
1,1,740,,1,,
1,1,741,,1,,
1,1,742,,1,,
1,1,743,,1,,
1,1,744,,1,,
1,1,745,,1,,
1,1,746,,1,,
1,1,747,,1,,
1,1,748,,1,,
1,1,749,,1,,
1,1,750,,1,,
1,1,751,,1,,
1,1,752,,1,,
1,1,753,,1,,
1,1,754,,1,,
1,1,755,,1,,
1,1,756,,1,,
1,1,757,,1,,
1,1,758,,1,,
1,1,759,,1,,
1,1,760,,1,,
1,1,761,,1,,
1,1,762,,1,,
1,1,763,,1,,
1,1,764,,1,,
1,1,765,,1,,
1,1,766,,1,,
1,1,767,,1,,
1,1,768,,1,,
1,1,769,,1,,
1,1,770,,1,,
1,1,771,,1,,
1,1,772,,1,,
1,1,773,,1,,
1,1,774,,1,,
1,1,775,,1,,
1,1,776,,1,,
1,1,777,,1,,
1,1,778,,1,,
1,1,779,,1,,
1,1,780,,1,,
1,1,781,,1,,
1,1,782,,1,,
1,1,783,,1,,
1,1,784,,1,,
1,1,785,,1,,
1,1,786,,1,,
1,1,787,,1,,
1,1,788,,1,,
1,1,789,,1,,
1,1,790,,1,,
1,1,791,,1,,
1,1,792,,1,,
1,1,793,,1,,
1,1,794,,1,,
1,1,795,,1,,
1,1,796,,1,,
1,1,797,,1,,
1,1,798,,1,,
1,1,799,,1,,
1,1,800,,1,,
1,1,801,,1,,
1,1,802,,1,,
1,1,803,,1,,
1,1,804,,1,,
1,1,805,,1,,
1,1,806,,1,,
1,1,807,,1,,
1,1,808,,1,,
1,1,809,,1,,
1,1,810,,1,,
1,1,811,,1,,
1,1,812,,1,,
1,1,813,,1,,
1,1,814,,1,,
1,1,815,,1,,
1,1,816,,1,,
1,1,817,,1,,
1,1,818,,1,,
1,1,819,,1,,
1,1,820,,1,,
1,1,821,,1,,
1,1,822,,1,,
1,1,823,,1,,
1,1,824,,1,,
1,1,825,,1,,
1,1,826,,1,,
1,1,827,,1,,
1,1,828,,1,,
1,1,829,,1,,
1,1,830,,1,,
1,1,831,,1,,
1,1,832,,1,,
1,1,833,,1,,
1,1,834,,1,,
1,1,835,,1,,
1,1,836,,1,,
1,1,837,,1,,
1,1,838,,1,,
1,1,839,,1,,
1,1,840,,1,,
1,1,841,,1,,
1,1,842,,1,,
1,1,843,,1,,
1,1,844,,1,,
1,1,845,,1,,
1,1,846,,1,,
1,1,847,,1,,
1,1,848,,1,,
1,1,849,,1,,
1,1,850,,1,,
1,1,851,,1,,
1,1,852,,1,,
1,1,853,,1,,
1,1,854,,1,,
1,1,855,,1,,
1,1,856,,1,,
1,1,857,,1,,
1,1,858,,1,,
1,1,859,,1,,
1,1,860,,1,,
1,1,861,,1,,
1,1,862,,1,,
1,1,863,,1,,
1,1,864,,1,,
1,1,865,,1,,
1,1,866,,1,,
1,1,867,,1,,
1,1,868,,1,,
1,1,869,,1,,
1,1,870,,1,,
1,1,871,,1,,
1,1,872,,1,,
1,1,873,,1,,
1,1,874,,1,,
1,1,875,,1,,
1,1,876,,1,,
1,1,877,,1,,
1,1,878,,1,,
1,1,879,,1,,
1,1,880,,1,,
1,1,881,,1,,
1,1,882,,1,,
1,1,883,,1,,
1,1,884,,1,,
1,1,885,,1,,
1,1,886,,1,,
1,1,887,,1,,
1,1,888,,1,,
1,1,889,,1,,
1,1,890,,1,,
1,1,891,,1,,
1,1,892,,1,,
1,1,893,,1,,
1,1,894,,1,,
1,1,895,,1,,
1,1,896,,1,,
1,1,897,,1,,
1,1,898,,1,,
1,1,899,,1,,
1,1,900,,1,,
1,1,901,,1,,
1,1,902,,1,,
1,1,903,,1,,
1,1,904,,1,,
1,1,905,,1,,
1,1,906,,1,,
1,1,907,,1,,
1,1,908,,1,,
1,1,909,,1,,
1,1,910,,1,,
1,1,911,,1,,
1,1,912,,1,,
1,1,913,,1,,
1,1,914,,1,,
1,1,915,,1,,
1,1,916,,1,,
1,1,917,,1,,
1,1,918,,1,,
1,1,919,,1,,
1,1,920,,1,,
1,1,921,,1,,
1,1,922,,1,,
1,1,923,,1,,
1,1,924,,1,,
1,1,925,,1,,
1,1,926,,1,,
1,1,927,,1,,
1,1,928,,1,,
1,1,929,,1,,
1,1,930,,1,,
1,1,931,,1,,
1,1,932,,1,,
1,1,933,,1,,
1,1,934,,1,,
1,1,935,,1,,
1,1,936,,1,,
1,1,937,,1,,
1,1,938,,1,,
1,1,939,,1,,
1,1,940,,1,,
1,1,941,,1,,
1,1,942,,1,,
1,1,943,,1,,
1,1,944,,1,,
1,1,945,,1,,
1,1,946,,1,,
1,1,947,,1,,
1,1,948,,1,,
1,1,949,,1,,
1,1,950,,1,,
1,1,951,,1,,
1,1,952,,1,,
1,1,953,,1,,
1,1,954,,1,,
1,1,955,,1,,
1,1,956,,1,,
1,1,957,,1,,
1,1,958,,1,,
1,1,959,,1,,
1,1,960,,1,,
1,1,961,,1,,
1,1,962,,1,,
1,1,963,,1,,
1,1,964,,1,,
1,1,965,,1,,
1,1,966,,1,,
1,1,967,,1,,
1,1,968,,1,,
1,1,969,,1,,
1,1,970,,1,,
1,1,971,,1,,
1,1,972,,1,,
1,1,973,,1,,
1,1,974,,1,,
1,1,975,,1,,
1,1,976,,1,,
1,1,977,,1,,
1,1,978,,1,,
1,1,979,,1,,
1,1,980,,1,,
1,1,981,,1,,
1,1,982,,1,,
1,1,983,,1,,
1,1,984,,1,,
1,1,985,,1,,
1,1,986,,1,,
1,1,987,,1,,
1,1,988,,1,,
1,1,989,,1,,
1,1,990,,1,,
1,1,991,,1,,
1,1,992,,1,,
1,1,993,,1,,
1,1,994,,1,,
1,1,995,,1,,
1,1,996,,1,,
1,1,997,,1,,
1,1,998,,1,,
1,1,999,,1,,
1,1,1000,,1,,
1,1,1001,,1,,
1,1,1002,,1,,
1,1,1003,,1,,
1,1,1004,,1,,
1,1,1005,,1,,
1,1,1006,,1,,
1,1,1007,,1,,
1,1,1008,,1,,
1,1,1009,,1,,
1,1,1010,,1,,
1,1,1011,,1,,
1,1,1012,,1,,
1,1,1013,,1,,
1,1,1014,,1,,
1,1,1015,,1,,
1,1,1016,,1,,
1,1,1017,,1,,
1,1,1018,,1,,
1,1,1019,,1,,
1,1,1020,,1,,
1,1,1021,,1,,
1,1,1022,,1,,
1,1,1023,,1,,
1,1,1024,,1,,
1,1,1025,,1,,
1,1,1026,,1,,
1,1,1027,,1,,
1,1,1028,,1,,
1,1,1029,,1,,
1,1,1030,,1,,
1,1,1031,,1,,
1,1,1032,,1,,
1,1,1033,,1,,
1,1,1034,,1,,
1,1,1035,,1,,
1,1,1036,,1,,
1,1,1037,,1,,
1,1,1038,,1,,
1,1,1039,,1,,
1,1,1040,,1,,
1,1,1041,,1,,
1,1,1042,,1,,
1,1,1043,,1,,
1,1,1044,,1,,
1,1,1045,,1,,
1,1,1046,,1,,
1,1,1047,,1,,
1,1,1048,,1,,
1,1,1049,,1,,
1,1,1050,,1,,
1,1,1051,,1,,
1,1,1052,,1,,
1,1,1053,,1,,
1,1,1054,,1,,
1,1,1055,,1,,
1,1,1056,,1,,
1,1,1057,,1,,
1,1,1058,,1,,
1,1,1059,,1,,
1,1,1060,,1,,
1,1,1061,,1,,
1,1,1062,,1,,
1,1,1063,,1,,
1,1,1064,,1,,
1,1,1065,,1,,
1,1,1066,,1,,
1,1,1067,,1,,
1,1,1068,,1,,
1,1,1069,,1,,
1,1,1070,,1,,
1,1,1071,,1,,
1,1,1072,,1,,
1,1,1073,,1,,
1,1,1074,,1,,
1,1,1075,,1,,
1,1,1076,,1,,
1,1,1077,,1,,
1,1,1078,,1,,
1,1,1079,,1,,
1,1,1080,,1,,
1,1,1081,,1,,
1,1,1082,,1,,
1,1,1083,,1,,
1,1,1084,,1,,
1,1,1085,,1,,
1,1,1086,,1,,
1,1,1087,,1,,
1,1,1088,,1,,
1,1,1089,,1,,
1,1,1090,,1,,
1,1,1091,,1,,
1,1,1092,,1,,
1,1,1093,,1,,
1,1,1094,,1,,
1,1,1095,,1,,
1,1,1096,,1,,
1,1,1097,,1,,
1,1,1098,,1,,
1,1,1099,,1,,
1,1,1100,,1,,
1,1,1101,,1,,
1,1,1102,,1,,
1,1,1103,,1,,
1,1,1104,,1,,
1,1,1105,,1,,
1,1,1106,,1,,
1,1,1107,,1,,
1,1,1108,,1,,
1,1,1109,,1,,
1,1,1110,,1,,
1,1,1111,,1,,
1,1,1112,,1,,
1,1,1113,,1,,
1,1,1114,,1,,
1,1,1115,,1,,
1,1,1116,,1,,
2,1,1117,,0,,
2,1,1118,,0,,
2,1,1119,,0,,
2,1,1120,,0,,
2,1,1121,,0,,
2,1,1122,,0,,
2,1,1123,,0,,
2,1,1124,,0,,
2,1,1125,,0,,
2,1,1126,,0,,
2,1,1127,,0,,
2,1,1128,,0,,
2,1,1129,,0,,
2,1,1130,,0,,
2,1,1131,,0,,
2,1,1132,,0,,
2,1,1133,,0,,
2,1,1134,,0,,
2,1,1135,,0,,
2,1,1136,,0,,
2,1,1137,,0,,
2,1,1138,,0,,
2,1,1139,,0,,
2,1,1140,,0,,
2,1,1141,,0,,
2,1,1142,,0,,
2,1,1143,,0,,
2,1,1144,,0,,
2,1,1145,,0,,
2,1,1146,,0,,
2,1,1147,,0,,
2,1,1148,,0,,
2,1,1149,,0,,
2,1,1150,,0,,
2,1,1151,,0,,
2,1,1152,,0,,
2,1,1153,,0,,
2,1,1154,,0,,
2,1,1155,,0,,
2,1,1156,,0,,
2,1,1157,,0,,
2,1,1158,,0,,
2,1,1159,,0,,
2,1,1160,,0,,
2,1,1161,,0,,
2,1,1162,,0,,
2,1,1163,,0,,
2,1,1164,,0,,
2,1,1165,,0,,
2,1,1166,,0,,
2,1,1167,,0,,
2,1,1168,,0,,
2,1,1169,,0,,
2,1,1170,,0,,
2,1,1171,,0,,
2,1,1172,,0,,
2,1,1173,,0,,
2,1,1174,,0,,
2,1,1175,,0,,
2,1,1176,,0,,
2,1,1177,,0,,
2,1,1178,,0,,
2,1,1179,,0,,
2,1,1180,,0,,
2,1,1181,,0,,
2,1,1182,,0,,
2,1,1183,,0,,
2,1,1184,,0,,
2,1,1185,,0,,
2,1,1186,,0,,
2,1,1187,,0,,
2,1,1188,,0,,
2,1,1189,,0,,
2,1,1190,,0,,
2,1,1191,,0,,
2,1,1192,,0,,
2,1,1193,,0,,
2,1,1194,,0,,
2,1,1195,,0,,
2,1,1196,,0,,
2,1,1197,,0,,
2,1,1198,,0,,
2,1,1199,,0,,
2,1,1200,,0,,
2,1,1201,,0,,
2,1,1202,,0,,
2,1,1203,,0,,
2,1,1204,,0,,
2,1,1205,,0,,
2,1,1206,,0,,
2,1,1207,,0,,
2,1,1208,,0,,
2,1,1209,,0,,
2,1,1210,,0,,
2,1,1211,,0,,
2,1,1212,,0,,
2,1,1213,,0,,
2,1,1214,,0,,
2,1,1215,,0,,
2,1,1216,,0,,
2,1,1217,,0,,
2,1,1218,,0,,
2,1,1219,,0,,
2,1,1220,,0,,
2,1,1221,,0,,
2,1,1222,,0,,
2,1,1223,,0,,
2,1,1224,,0,,
2,1,1225,,0,,
2,1,1226,,0,,
2,1,1227,,0,,
2,1,1228,,0,,
2,1,1229,,0,,
2,1,1230,,0,,
2,1,1231,,0,,
2,1,1232,,0,,
2,1,1233,,0,,
2,1,1234,,0,,
2,1,1235,,0,,
2,1,1236,,0,,
2,1,1237,,0,,
2,1,1238,,0,,
2,1,1239,,0,,
2,1,1240,,0,,
2,1,1241,,0,,
2,1,1242,,0,,
2,1,1243,,0,,
2,1,1244,,0,,
2,1,1245,,0,,
2,1,1246,,0,,
2,1,1247,,0,,
2,1,1248,,0,,
2,1,1249,,0,,
2,1,1250,,0,,
2,1,1251,,0,,
2,1,1252,,0,,
2,1,1253,,0,,
2,1,1254,,0,,
2,1,1255,,0,,
2,1,1256,,0,,
2,1,1257,,0,,
2,1,1258,,0,,
2,1,1259,,0,,
2,1,1260,,0,,
2,1,1261,,0,,
2,1,1262,,0,,
2,1,1263,,0,,
2,1,1264,,0,,
2,1,1265,,0,,
2,1,1266,,0,,
2,1,1267,,0,,
2,1,1268,,0,,
2,1,1269,,0,,
2,1,1270,,0,,
2,1,1271,,0,,
2,1,1272,,0,,
2,1,1273,,0,,
2,1,1274,,0,,
2,1,1275,,0,,
2,1,1276,,0,,
2,1,1277,,0,,
2,1,1278,,0,,
2,1,1279,,0,,
2,1,1280,,0,,
2,1,1281,,0,,
2,1,1282,,0,,
2,1,1283,,0,,
2,1,1284,,0,,
2,1,1285,,0,,
2,1,1286,,0,,
2,1,1287,,0,,
2,1,1288,,0,,
2,1,1289,,0,,
2,1,1290,,0,,
2,1,1291,,0,,
2,1,1292,,0,,
2,1,1293,,0,,
2,1,1294,,0,,
2,1,1295,,0,,
2,1,1296,,0,,
2,1,1297,,0,,
2,1,1298,,0,,
2,1,1299,,0,,
2,1,1300,,0,,
2,1,1301,,0,,
2,1,1302,,0,,
2,1,1303,,0,,
2,1,1304,,0,,
2,1,1305,,0,,
2,1,1306,,0,,
2,1,1307,,0,,
2,1,1308,,0,,
2,1,1309,,0,,
2,1,1310,,0,,
2,1,1311,,0,,
2,1,1312,,0,,
2,1,1313,,0,,
2,1,1314,,0,,
2,1,1315,,0,,
2,1,1316,,0,,
2,1,1317,,0,,
2,1,1318,,0,,
2,1,1319,,0,,
2,1,1320,,0,,
2,1,1321,,0,,
2,1,1322,,0,,
2,1,1323,,0,,
2,1,1324,,0,,
2,1,1325,,0,,
2,1,1326,,0,,
2,1,1327,,0,,
2,1,1328,,0,,
2,1,1329,,0,,
2,1,1330,,0,,
2,1,1331,,0,,
2,1,1332,,0,,
2,1,1333,,0,,
2,1,1334,,0,,
2,1,1335,,0,,
2,1,1336,,0,,
2,1,1337,,0,,
2,1,1338,,0,,
2,1,1339,,0,,
2,1,1340,,0,,
2,1,1341,,0,,
2,1,1342,,0,,
2,1,1343,,0,,
2,1,1344,,0,,
2,1,1345,,0,,
2,1,1346,,0,,
2,1,1347,,0,,
2,1,1348,,0,,
2,1,1349,,0,,
2,1,1350,,0,,
2,1,1351,,0,,
2,1,1352,,0,,
2,1,1353,,0,,
2,1,1354,,0,,
2,1,1355,,0,,
2,1,1356,,0,,
2,1,1357,,0,,
2,1,1358,,0,,
2,1,1359,,0,,
2,1,1360,,0,,
2,1,1361,,0,,
2,1,1362,,0,,
2,1,1363,,0,,
2,1,1364,,0,,
2,1,1365,,0,,
2,1,1366,,0,,
2,1,1367,,0,,
2,1,1368,,0,,
2,1,1369,,0,,
2,1,1370,,0,,
2,1,1371,,0,,
2,1,1372,,0,,
2,1,1373,,0,,
2,1,1374,,0,,
2,1,1375,,0,,
2,1,1376,,0,,
2,1,1377,,0,,
2,1,1378,,0,,
2,1,1379,,0,,
2,1,1380,,0,,
2,1,1381,,0,,
2,1,1382,,0,,
2,1,1383,,0,,
2,1,1384,,0,,
2,1,1385,,0,,
2,1,1386,,0,,
2,1,1387,,0,,
2,1,1388,,0,,
2,1,1389,,0,,
2,1,1390,,0,,
2,1,1391,,0,,
2,1,1392,,0,,
2,1,1393,,0,,
2,1,1394,,0,,
2,1,1395,,0,,
2,1,1396,,0,,
2,1,1397,,0,,
2,1,1398,,0,,
2,1,1399,,0,,
2,1,1400,,0,,
2,1,1401,,0,,
2,1,1402,,0,,
2,1,1403,,0,,
2,1,1404,,0,,
2,1,1405,,0,,
2,1,1406,,0,,
2,1,1407,,0,,
2,1,1408,,0,,
2,1,1409,,0,,
2,1,1410,,0,,
2,1,1411,,0,,
2,1,1412,,0,,
2,1,1413,,0,,
2,1,1414,,0,,
2,1,1415,,0,,
2,1,1416,,0,,
2,1,1417,,0,,
2,1,1418,,0,,
2,1,1419,,0,,
2,1,1420,,0,,
2,1,1421,,0,,
2,1,1422,,0,,
2,1,1423,,0,,
2,1,1424,,0,,
2,1,1425,,0,,
2,1,1426,,0,,
2,1,1427,,0,,
2,1,1428,,0,,
2,1,1429,,0,,
2,1,1430,,0,,
2,1,1431,,0,,
2,1,1432,,0,,
2,1,1433,,0,,
2,1,1434,,0,,
2,1,1435,,0,,
2,1,1436,,0,,
2,1,1437,,0,,
2,1,1438,,0,,
2,1,1439,,0,,
2,1,1440,,0,,
2,1,1441,,0,,
2,1,1442,,0,,
2,1,1443,,0,,
2,1,1444,,0,,
2,1,1445,,0,,
2,1,1446,,0,,
2,1,1447,,0,,
2,1,1448,,0,,
2,1,1449,,0,,
2,1,1450,,0,,
2,1,1451,,0,,
2,1,1452,,0,,
2,1,1453,,0,,
2,1,1454,,0,,
2,1,1455,,0,,
2,1,1456,,0,,
2,1,1457,,0,,
2,1,1458,,0,,
2,1,1459,,0,,
2,1,1460,,0,,
2,1,1461,,0,,
2,1,1462,,0,,
2,1,1463,,0,,
2,1,1464,,0,,
2,1,1465,,0,,
2,1,1466,,0,,
2,1,1467,,0,,
2,1,1468,,0,,
2,1,1469,,0,,
2,1,1470,,0,,
2,1,1471,,0,,
2,1,1472,,0,,
2,1,1473,,0,,
2,1,1474,,0,,
2,1,1475,,0,,
2,1,1476,,0,,
2,1,1477,,0,,
2,1,1478,,0,,
2,1,1479,,0,,
2,1,1480,,0,,
2,1,1481,,0,,
2,1,1482,,0,,
2,1,1483,,0,,
2,1,1484,,0,,
2,1,1485,,0,,
2,1,1486,,0,,
2,1,1487,,0,,
2,1,1488,,0,,
2,1,1489,,0,,
2,1,1490,,0,,
2,1,1491,,0,,
2,1,1492,,0,,
2,1,1493,,0,,
2,1,1494,,0,,
2,1,1495,,0,,
2,1,1496,,0,,
2,1,1497,,0,,
2,1,1498,,0,,
2,1,1499,,0,,
2,1,1500,,0,,
2,1,1501,,0,,
2,1,1502,,0,,
2,1,1503,,0,,
2,1,1504,,0,,
2,1,1505,,0,,
2,1,1506,,0,,
2,1,1507,,0,,
2,1,1508,,0,,
2,1,1509,,0,,
2,1,1510,,0,,
2,1,1511,,0,,
2,1,1512,,0,,
2,1,1513,,0,,
2,1,1514,,0,,
2,1,1515,,0,,
2,1,1516,,0,,
2,1,1517,,0,,
2,1,1518,,0,,
2,1,1519,,1,,
2,1,1520,,1,,
2,1,1521,,1,,
2,1,1522,,1,,
2,1,1523,,1,,
2,1,1524,,1,,
2,1,1525,,1,,
2,1,1526,,1,,
2,1,1527,,1,,
2,1,1528,,1,,
2,1,1529,,1,,
2,1,1530,,1,,
2,1,1531,,1,,
2,1,1532,,1,,
2,1,1533,,1,,
2,1,1534,,1,,
2,1,1535,,1,,
2,1,1536,,1,,
2,1,1537,,1,,
2,1,1538,,1,,
2,1,1539,,1,,
2,1,1540,,1,,
2,1,1541,,1,,
2,1,1542,,1,,
2,1,1543,,1,,
2,1,1544,,1,,
2,1,1545,,1,,
2,1,1546,,1,,
2,1,1547,,1,,
2,1,1548,,1,,
2,1,1549,,1,,
2,1,1550,,1,,
2,1,1551,,1,,
2,1,1552,,1,,
2,1,1553,,1,,
2,1,1554,,1,,
2,1,1555,,1,,
2,1,1556,,1,,
2,1,1557,,1,,
2,1,1558,,1,,
2,1,1559,,1,,
2,1,1560,,1,,
2,1,1561,,1,,
2,1,1562,,1,,
2,1,1563,,1,,
2,1,1564,,1,,
2,1,1565,,1,,
2,1,1566,,1,,
2,1,1567,,1,,
2,1,1568,,1,,
2,1,1569,,1,,
2,1,1570,,1,,
2,1,1571,,1,,
2,1,1572,,1,,
2,1,1573,,1,,
2,1,1574,,1,,
2,1,1575,,1,,
2,1,1576,,1,,
2,1,1577,,1,,
2,1,1578,,1,,
2,1,1579,,1,,
2,1,1580,,1,,
2,1,1581,,1,,
2,1,1582,,1,,
2,1,1583,,1,,
2,1,1584,,1,,
2,1,1585,,1,,
2,1,1586,,1,,
2,1,1587,,1,,
2,1,1588,,1,,
2,1,1589,,1,,
2,1,1590,,1,,
2,1,1591,,1,,
2,1,1592,,1,,
2,1,1593,,1,,
2,1,1594,,1,,
2,1,1595,,1,,
2,1,1596,,1,,
2,1,1597,,1,,
2,1,1598,,1,,
2,1,1599,,1,,
2,1,1600,,1,,
2,1,1601,,1,,
2,1,1602,,1,,
2,1,1603,,1,,
2,1,1604,,1,,
2,1,1605,,1,,
2,1,1606,,1,,
2,1,1607,,1,,
2,1,1608,,1,,
2,1,1609,,1,,
2,1,1610,,1,,
2,1,1611,,1,,
2,1,1612,,1,,
2,1,1613,,1,,
2,1,1614,,1,,
2,1,1615,,1,,
2,1,1616,,1,,
2,1,1617,,1,,
2,1,1618,,1,,
2,1,1619,,1,,
2,1,1620,,1,,
2,1,1621,,1,,
2,1,1622,,1,,
2,1,1623,,1,,
2,1,1624,,1,,
2,1,1625,,1,,
2,1,1626,,1,,
2,1,1627,,1,,
2,1,1628,,1,,
2,1,1629,,1,,
2,1,1630,,1,,
2,1,1631,,1,,
2,1,1632,,1,,
2,1,1633,,1,,
2,1,1634,,1,,
2,1,1635,,1,,
2,1,1636,,1,,
2,1,1637,,1,,
2,1,1638,,1,,
2,1,1639,,1,,
2,1,1640,,1,,
2,1,1641,,1,,
2,1,1642,,1,,
2,1,1643,,1,,
2,1,1644,,1,,
2,1,1645,,1,,
2,1,1646,,1,,
2,1,1647,,1,,
2,1,1648,,1,,
2,1,1649,,1,,
2,1,1650,,1,,
2,1,1651,,1,,
2,1,1652,,1,,
2,1,1653,,1,,
2,1,1654,,1,,
2,1,1655,,1,,
2,1,1656,,1,,
2,1,1657,,1,,
2,1,1658,,1,,
2,1,1659,,1,,
2,1,1660,,1,,
2,1,1661,,1,,
2,1,1662,,1,,
2,1,1663,,1,,
2,1,1664,,1,,
2,1,1665,,1,,
2,1,1666,,1,,
2,1,1667,,1,,
2,1,1668,,1,,
2,1,1669,,1,,
2,1,1670,,1,,
2,1,1671,,1,,
2,1,1672,,1,,
2,1,1673,,1,,
2,1,1674,,1,,
2,1,1675,,1,,
2,1,1676,,1,,
2,1,1677,,1,,
2,1,1678,,1,,
2,1,1679,,1,,
2,1,1680,,1,,
2,1,1681,,1,,
2,1,1682,,1,,
2,1,1683,,1,,
2,1,1684,,1,,
2,1,1685,,1,,
2,1,1686,,1,,
2,1,1687,,1,,
2,1,1688,,1,,
2,1,1689,,1,,
2,1,1690,,1,,
2,1,1691,,1,,
2,1,1692,,1,,
2,1,1693,,1,,
2,1,1694,,1,,
2,1,1695,,1,,
2,1,1696,,1,,
2,1,1697,,1,,
2,1,1698,,1,,
2,1,1699,,1,,
2,1,1700,,1,,
2,1,1701,,1,,
2,1,1702,,1,,
2,1,1703,,1,,
2,1,1704,,1,,
2,1,1705,,1,,
2,1,1706,,1,,
2,1,1707,,1,,
2,1,1708,,1,,
2,1,1709,,1,,
2,1,1710,,1,,
2,1,1711,,1,,
2,1,1712,,1,,
2,1,1713,,1,,
2,1,1714,,1,,
2,1,1715,,1,,
2,1,1716,,1,,
2,1,1717,,1,,
2,1,1718,,1,,
2,1,1719,,1,,
2,1,1720,,1,,
2,1,1721,,1,,
2,1,1722,,1,,
2,1,1723,,1,,
2,1,1724,,1,,
2,1,1725,,1,,
2,1,1726,,1,,
2,1,1727,,1,,
2,1,1728,,1,,
2,1,1729,,1,,
2,1,1730,,1,,
2,1,1731,,1,,
2,1,1732,,1,,
2,1,1733,,1,,
2,1,1734,,1,,
2,1,1735,,1,,
2,1,1736,,1,,
2,1,1737,,1,,
2,1,1738,,1,,
2,1,1739,,1,,
2,1,1740,,1,,
2,1,1741,,1,,
2,1,1742,,1,,
2,1,1743,,1,,
2,1,1744,,1,,
2,1,1745,,1,,
2,1,1746,,1,,
2,1,1747,,1,,
2,1,1748,,1,,
2,1,1749,,1,,
2,1,1750,,1,,
2,1,1751,,1,,
2,1,1752,,1,,
2,1,1753,,1,,
2,1,1754,,1,,
2,1,1755,,1,,
2,1,1756,,1,,
2,1,1757,,1,,
2,1,1758,,1,,
2,1,1759,,1,,
2,1,1760,,1,,
2,1,1761,,1,,
2,1,1762,,1,,
2,1,1763,,1,,
2,1,1764,,1,,
2,1,1765,,1,,
2,1,1766,,1,,
2,1,1767,,1,,
2,1,1768,,1,,
2,1,1769,,1,,
2,1,1770,,1,,
2,1,1771,,1,,
2,1,1772,,1,,
2,1,1773,,1,,
2,1,1774,,1,,
2,1,1775,,1,,
2,1,1776,,1,,
2,1,1777,,1,,
2,1,1778,,1,,
2,1,1779,,1,,
2,1,1780,,1,,
2,1,1781,,1,,
2,1,1782,,1,,
2,1,1783,,1,,
2,1,1784,,1,,
2,1,1785,,1,,
2,1,1786,,1,,
2,1,1787,,1,,
2,1,1788,,1,,
2,1,1789,,1,,
2,1,1790,,1,,
2,1,1791,,1,,
2,1,1792,,1,,
2,1,1793,,1,,
2,1,1794,,1,,
2,1,1795,,1,,
2,1,1796,,1,,
2,1,1797,,1,,
2,1,1798,,1,,
2,1,1799,,1,,
2,1,1800,,1,,
2,1,1801,,1,,
2,1,1802,,1,,
2,1,1803,,1,,
2,1,1804,,1,,
2,1,1805,,1,,
2,1,1806,,1,,
2,1,1807,,1,,
2,1,1808,,1,,
2,1,1809,,1,,
2,1,1810,,1,,
2,1,1811,,1,,
2,1,1812,,1,,
2,1,1813,,1,,
2,1,1814,,1,,
2,1,1815,,1,,
2,1,1816,,1,,
2,1,1817,,1,,
2,1,1818,,1,,
2,1,1819,,1,,
2,1,1820,,1,,
2,1,1821,,1,,
2,1,1822,,1,,
2,1,1823,,1,,
2,1,1824,,1,,
2,1,1825,,1,,
2,1,1826,,1,,
2,1,1827,,1,,
2,1,1828,,1,,
2,1,1829,,1,,
2,1,1830,,1,,
2,1,1831,,1,,
2,1,1832,,1,,
2,1,1833,,1,,
2,1,1834,,1,,
2,1,1835,,1,,
2,1,1836,,1,,
2,1,1837,,1,,
2,1,1838,,1,,
2,1,1839,,1,,
2,1,1840,,1,,
2,1,1841,,1,,
2,1,1842,,1,,
2,1,1843,,1,,
2,1,1844,,1,,
2,1,1845,,1,,
2,1,1846,,1,,
2,1,1847,,1,,
2,1,1848,,1,,
2,1,1849,,1,,
2,1,1850,,1,,
2,1,1851,,1,,
2,1,1852,,1,,
2,1,1853,,1,,
2,1,1854,,1,,
2,1,1855,,1,,
2,1,1856,,1,,
2,1,1857,,1,,
2,1,1858,,1,,
2,1,1859,,1,,
2,1,1860,,1,,
2,1,1861,,1,,
2,1,1862,,1,,
2,1,1863,,1,,
2,1,1864,,1,,
2,1,1865,,1,,
2,1,1866,,1,,
2,1,1867,,1,,
2,1,1868,,1,,
2,1,1869,,1,,
2,1,1870,,1,,
2,1,1871,,1,,
2,1,1872,,1,,
2,1,1873,,1,,
2,1,1874,,1,,
2,1,1875,,1,,
2,1,1876,,1,,
2,1,1877,,1,,
2,1,1878,,1,,
2,1,1879,,1,,
2,1,1880,,1,,
2,1,1881,,1,,
2,1,1882,,1,,
2,1,1883,,1,,
2,1,1884,,1,,
2,1,1885,,1,,
2,1,1886,,1,,
2,1,1887,,1,,
2,1,1888,,1,,
2,1,1889,,1,,
2,1,1890,,1,,
2,1,1891,,1,,
2,1,1892,,1,,
2,1,1893,,1,,
2,1,1894,,1,,
2,1,1895,,1,,
2,1,1896,,1,,
2,1,1897,,1,,
2,1,1898,,1,,
2,1,1899,,1,,
2,1,1900,,1,,
2,1,1901,,1,,
2,1,1902,,1,,
2,1,1903,,1,,
2,1,1904,,1,,
2,1,1905,,1,,
2,1,1906,,1,,
2,1,1907,,1,,
2,1,1908,,1,,
2,1,1909,,1,,
2,1,1910,,1,,
2,1,1911,,1,,
2,1,1912,,1,,
2,1,1913,,1,,
2,1,1914,,1,,
2,1,1915,,1,,
2,1,1916,,1,,
2,1,1917,,1,,
2,1,1918,,1,,
3,1,1919,,0,,
3,1,1920,,0,,
3,1,1921,,0,,
3,1,1922,,0,,
3,1,1923,,0,,
3,1,1924,,0,,
3,1,1925,,0,,
3,1,1926,,0,,
3,1,1927,,0,,
3,1,1928,,0,,
3,1,1929,,0,,
3,1,1930,,0,,
3,1,1931,,0,,
3,1,1932,,0,,
3,1,1933,,0,,
3,1,1934,,0,,
3,1,1935,,0,,
3,1,1936,,0,,
3,1,1937,,0,,
3,1,1938,,0,,
3,1,1939,,0,,
3,1,1940,,0,,
3,1,1941,,0,,
3,1,1942,,0,,
3,1,1943,,0,,
3,1,1944,,0,,
3,1,1945,,0,,
3,1,1946,,0,,
3,1,1947,,0,,
3,1,1948,,0,,
3,1,1949,,0,,
3,1,1950,,0,,
3,1,1951,,0,,
3,1,1952,,0,,
3,1,1953,,0,,
3,1,1954,,0,,
3,1,1955,,0,,
3,1,1956,,0,,
3,1,1957,,0,,
3,1,1958,,0,,
3,1,1959,,0,,
3,1,1960,,0,,
3,1,1961,,0,,
3,1,1962,,0,,
3,1,1963,,0,,
3,1,1964,,0,,
3,1,1965,,0,,
3,1,1966,,0,,
3,1,1967,,0,,
3,1,1968,,0,,
3,1,1969,,0,,
3,1,1970,,0,,
3,1,1971,,0,,
3,1,1972,,0,,
3,1,1973,,0,,
3,1,1974,,0,,
3,1,1975,,0,,
3,1,1976,,0,,
3,1,1977,,0,,
3,1,1978,,0,,
3,1,1979,,0,,
3,1,1980,,0,,
3,1,1981,,0,,
3,1,1982,,0,,
3,1,1983,,0,,
3,1,1984,,0,,
3,1,1985,,0,,
3,1,1986,,0,,
3,1,1987,,0,,
3,1,1988,,0,,
3,1,1989,,0,,
3,1,1990,,0,,
3,1,1991,,0,,
3,1,1992,,0,,
3,1,1993,,0,,
3,1,1994,,0,,
3,1,1995,,0,,
3,1,1996,,0,,
3,1,1997,,0,,
3,1,1998,,0,,
3,1,1999,,0,,
3,1,2000,,0,,
3,1,2001,,0,,
3,1,2002,,0,,
3,1,2003,,0,,
3,1,2004,,0,,
3,1,2005,,0,,
3,1,2006,,0,,
3,1,2007,,0,,
3,1,2008,,0,,
3,1,2009,,0,,
3,1,2010,,0,,
3,1,2011,,0,,
3,1,2012,,0,,
3,1,2013,,0,,
3,1,2014,,0,,
3,1,2015,,0,,
3,1,2016,,0,,
3,1,2017,,0,,
3,1,2018,,0,,
3,1,2019,,0,,
3,1,2020,,0,,
3,1,2021,,0,,
3,1,2022,,0,,
3,1,2023,,0,,
3,1,2024,,0,,
3,1,2025,,0,,
3,1,2026,,0,,
3,1,2027,,0,,
3,1,2028,,0,,
3,1,2029,,0,,
3,1,2030,,0,,
3,1,2031,,0,,
3,1,2032,,0,,
3,1,2033,,0,,
3,1,2034,,0,,
3,1,2035,,0,,
3,1,2036,,0,,
3,1,2037,,0,,
3,1,2038,,0,,
3,1,2039,,0,,
3,1,2040,,0,,
3,1,2041,,0,,
3,1,2042,,0,,
3,1,2043,,0,,
3,1,2044,,0,,
3,1,2045,,0,,
3,1,2046,,0,,
3,1,2047,,0,,
3,1,2048,,0,,
3,1,2049,,0,,
3,1,2050,,0,,
3,1,2051,,0,,
3,1,2052,,0,,
3,1,2053,,0,,
3,1,2054,,0,,
3,1,2055,,0,,
3,1,2056,,0,,
3,1,2057,,0,,
3,1,2058,,0,,
3,1,2059,,0,,
3,1,2060,,0,,
3,1,2061,,0,,
3,1,2062,,0,,
3,1,2063,,0,,
3,1,2064,,0,,
3,1,2065,,0,,
3,1,2066,,0,,
3,1,2067,,0,,
3,1,2068,,0,,
3,1,2069,,0,,
3,1,2070,,0,,
3,1,2071,,0,,
3,1,2072,,0,,
3,1,2073,,0,,
3,1,2074,,0,,
3,1,2075,,0,,
3,1,2076,,0,,
3,1,2077,,0,,
3,1,2078,,0,,
3,1,2079,,0,,
3,1,2080,,0,,
3,1,2081,,0,,
3,1,2082,,0,,
3,1,2083,,0,,
3,1,2084,,0,,
3,1,2085,,0,,
3,1,2086,,0,,
3,1,2087,,0,,
3,1,2088,,0,,
3,1,2089,,0,,
3,1,2090,,0,,
3,1,2091,,0,,
3,1,2092,,0,,
3,1,2093,,0,,
3,1,2094,,0,,
3,1,2095,,0,,
3,1,2096,,0,,
3,1,2097,,0,,
3,1,2098,,0,,
3,1,2099,,0,,
3,1,2100,,0,,
3,1,2101,,0,,
3,1,2102,,0,,
3,1,2103,,0,,
3,1,2104,,0,,
3,1,2105,,0,,
3,1,2106,,0,,
3,1,2107,,0,,
3,1,2108,,0,,
3,1,2109,,0,,
3,1,2110,,0,,
3,1,2111,,0,,
3,1,2112,,0,,
3,1,2113,,0,,
3,1,2114,,0,,
3,1,2115,,0,,
3,1,2116,,0,,
3,1,2117,,0,,
3,1,2118,,0,,
3,1,2119,,0,,
3,1,2120,,0,,
3,1,2121,,0,,
3,1,2122,,0,,
3,1,2123,,0,,
3,1,2124,,0,,
3,1,2125,,0,,
3,1,2126,,0,,
3,1,2127,,0,,
3,1,2128,,0,,
3,1,2129,,0,,
3,1,2130,,0,,
3,1,2131,,0,,
3,1,2132,,0,,
3,1,2133,,0,,
3,1,2134,,0,,
3,1,2135,,0,,
3,1,2136,,0,,
3,1,2137,,0,,
3,1,2138,,0,,
3,1,2139,,0,,
3,1,2140,,0,,
3,1,2141,,0,,
3,1,2142,,0,,
3,1,2143,,0,,
3,1,2144,,0,,
3,1,2145,,0,,
3,1,2146,,0,,
3,1,2147,,0,,
3,1,2148,,0,,
3,1,2149,,0,,
3,1,2150,,0,,
3,1,2151,,0,,
3,1,2152,,0,,
3,1,2153,,0,,
3,1,2154,,0,,
3,1,2155,,0,,
3,1,2156,,0,,
3,1,2157,,0,,
3,1,2158,,0,,
3,1,2159,,0,,
3,1,2160,,0,,
3,1,2161,,0,,
3,1,2162,,0,,
3,1,2163,,0,,
3,1,2164,,0,,
3,1,2165,,0,,
3,1,2166,,0,,
3,1,2167,,0,,
3,1,2168,,0,,
3,1,2169,,0,,
3,1,2170,,0,,
3,1,2171,,0,,
3,1,2172,,0,,
3,1,2173,,0,,
3,1,2174,,0,,
3,1,2175,,0,,
3,1,2176,,0,,
3,1,2177,,0,,
3,1,2178,,0,,
3,1,2179,,0,,
3,1,2180,,0,,
3,1,2181,,0,,
3,1,2182,,0,,
3,1,2183,,0,,
3,1,2184,,0,,
3,1,2185,,0,,
3,1,2186,,0,,
3,1,2187,,0,,
3,1,2188,,0,,
3,1,2189,,0,,
3,1,2190,,0,,
3,1,2191,,0,,
3,1,2192,,0,,
3,1,2193,,0,,
3,1,2194,,0,,
3,1,2195,,0,,
3,1,2196,,0,,
3,1,2197,,0,,
3,1,2198,,0,,
3,1,2199,,0,,
3,1,2200,,0,,
3,1,2201,,0,,
3,1,2202,,0,,
3,1,2203,,0,,
3,1,2204,,0,,
3,1,2205,,0,,
3,1,2206,,0,,
3,1,2207,,0,,
3,1,2208,,0,,
3,1,2209,,0,,
3,1,2210,,0,,
3,1,2211,,0,,
3,1,2212,,0,,
3,1,2213,,0,,
3,1,2214,,0,,
3,1,2215,,0,,
3,1,2216,,0,,
3,1,2217,,0,,
3,1,2218,,0,,
3,1,2219,,0,,
3,1,2220,,0,,
3,1,2221,,0,,
3,1,2222,,0,,
3,1,2223,,0,,
3,1,2224,,0,,
3,1,2225,,0,,
3,1,2226,,0,,
3,1,2227,,0,,
3,1,2228,,0,,
3,1,2229,,0,,
3,1,2230,,0,,
3,1,2231,,0,,
3,1,2232,,0,,
3,1,2233,,0,,
3,1,2234,,0,,
3,1,2235,,0,,
3,1,2236,,0,,
3,1,2237,,0,,
3,1,2238,,0,,
3,1,2239,,0,,
3,1,2240,,0,,
3,1,2241,,0,,
3,1,2242,,0,,
3,1,2243,,0,,
3,1,2244,,0,,
3,1,2245,,0,,
3,1,2246,,0,,
3,1,2247,,0,,
3,1,2248,,0,,
3,1,2249,,1,,
3,1,2250,,1,,
3,1,2251,,1,,
3,1,2252,,1,,
3,1,2253,,1,,
3,1,2254,,1,,
3,1,2255,,1,,
3,1,2256,,1,,
3,1,2257,,1,,
3,1,2258,,1,,
3,1,2259,,1,,
3,1,2260,,1,,
3,1,2261,,1,,
3,1,2262,,1,,
3,1,2263,,1,,
3,1,2264,,1,,
3,1,2265,,1,,
3,1,2266,,1,,
3,1,2267,,1,,
3,1,2268,,1,,
3,1,2269,,1,,
3,1,2270,,1,,
3,1,2271,,1,,
3,1,2272,,1,,
3,1,2273,,1,,
3,1,2274,,1,,
3,1,2275,,1,,
3,1,2276,,1,,
3,1,2277,,1,,
3,1,2278,,1,,
3,1,2279,,1,,
3,1,2280,,1,,
3,1,2281,,1,,
3,1,2282,,1,,
3,1,2283,,1,,
3,1,2284,,1,,
3,1,2285,,1,,
3,1,2286,,1,,
3,1,2287,,1,,
3,1,2288,,1,,
3,1,2289,,1,,
3,1,2290,,1,,
3,1,2291,,1,,
3,1,2292,,1,,
3,1,2293,,1,,
3,1,2294,,1,,
3,1,2295,,1,,
3,1,2296,,1,,
3,1,2297,,1,,
3,1,2298,,1,,
3,1,2299,,1,,
3,1,2300,,1,,
3,1,2301,,1,,
3,1,2302,,1,,
3,1,2303,,1,,
3,1,2304,,1,,
3,1,2305,,1,,
3,1,2306,,1,,
3,1,2307,,1,,
3,1,2308,,1,,
3,1,2309,,1,,
3,1,2310,,1,,
3,1,2311,,1,,
3,1,2312,,1,,
3,1,2313,,1,,
3,1,2314,,1,,
3,1,2315,,1,,
3,1,2316,,1,,
3,1,2317,,1,,
3,1,2318,,1,,
3,1,2319,,1,,
3,1,2320,,1,,
3,1,2321,,1,,
3,1,2322,,1,,
3,1,2323,,1,,
3,1,2324,,1,,
3,1,2325,,1,,
3,1,2326,,1,,
3,1,2327,,1,,
3,1,2328,,1,,
3,1,2329,,1,,
3,1,2330,,1,,
3,1,2331,,1,,
3,1,2332,,1,,
3,1,2333,,1,,
3,1,2334,,1,,
3,1,2335,,1,,
3,1,2336,,1,,
3,1,2337,,1,,
3,1,2338,,1,,
3,1,2339,,1,,
3,1,2340,,1,,
3,1,2341,,1,,
3,1,2342,,1,,
3,1,2343,,1,,
3,1,2344,,1,,
3,1,2345,,1,,
3,1,2346,,1,,
3,1,2347,,1,,
3,1,2348,,1,,
3,1,2349,,1,,
3,1,2350,,1,,
3,1,2351,,1,,
3,1,2352,,1,,
3,1,2353,,1,,
3,1,2354,,1,,
3,1,2355,,1,,
3,1,2356,,1,,
3,1,2357,,1,,
3,1,2358,,1,,
3,1,2359,,1,,
3,1,2360,,1,,
3,1,2361,,1,,
3,1,2362,,1,,
3,1,2363,,1,,
3,1,2364,,1,,
3,1,2365,,1,,
3,1,2366,,1,,
3,1,2367,,1,,
3,1,2368,,1,,
3,1,2369,,1,,
3,1,2370,,1,,
3,1,2371,,1,,
3,1,2372,,1,,
3,1,2373,,1,,
3,1,2374,,1,,
3,1,2375,,1,,
3,1,2376,,1,,
3,1,2377,,1,,
3,1,2378,,1,,
3,1,2379,,1,,
3,1,2380,,1,,
3,1,2381,,1,,
3,1,2382,,1,,
3,1,2383,,1,,
3,1,2384,,1,,
3,1,2385,,1,,
3,1,2386,,1,,
3,1,2387,,1,,
3,1,2388,,1,,
3,1,2389,,1,,
3,1,2390,,1,,
3,1,2391,,1,,
3,1,2392,,1,,
3,1,2393,,1,,
3,1,2394,,1,,
3,1,2395,,1,,
3,1,2396,,1,,
3,1,2397,,1,,
3,1,2398,,1,,
3,1,2399,,1,,
3,1,2400,,1,,
3,1,2401,,1,,
3,1,2402,,1,,
3,1,2403,,1,,
3,1,2404,,1,,
3,1,2405,,1,,
3,1,2406,,1,,
3,1,2407,,1,,
3,1,2408,,1,,
3,1,2409,,1,,
3,1,2410,,1,,
3,1,2411,,1,,
3,1,2412,,1,,
3,1,2413,,1,,
3,1,2414,,1,,
3,1,2415,,1,,
3,1,2416,,1,,
3,1,2417,,1,,
3,1,2418,,1,,
3,1,2419,,1,,
3,1,2420,,1,,
3,1,2421,,1,,
3,1,2422,,1,,
3,1,2423,,1,,
3,1,2424,,1,,
3,1,2425,,1,,
3,1,2426,,1,,
3,1,2427,,1,,
3,1,2428,,1,,
3,1,2429,,1,,
3,1,2430,,1,,
3,1,2431,,1,,
3,1,2432,,1,,
3,1,2433,,1,,
3,1,2434,,1,,
3,1,2435,,1,,
3,1,2436,,1,,
3,1,2437,,1,,
3,1,2438,,1,,
3,1,2439,,1,,
3,1,2440,,1,,
3,1,2441,,1,,
3,1,2442,,1,,
3,1,2443,,1,,
3,1,2444,,1,,
3,1,2445,,1,,
3,1,2446,,1,,
3,1,2447,,1,,
3,1,2448,,1,,
3,1,2449,,1,,
3,1,2450,,1,,
3,1,2451,,1,,
3,1,2452,,1,,
3,1,2453,,1,,
3,1,2454,,1,,
3,1,2455,,1,,
3,1,2456,,1,,
3,1,2457,,1,,
3,1,2458,,1,,
3,1,2459,,1,,
3,1,2460,,1,,
3,1,2461,,1,,
3,1,2462,,1,,
3,1,2463,,1,,
3,1,2464,,1,,
3,1,2465,,1,,
3,1,2466,,1,,
3,1,2467,,1,,
3,1,2468,,1,,
3,1,2469,,1,,
3,1,2470,,1,,
3,1,2471,,1,,
3,1,2472,,1,,
3,1,2473,,1,,
3,1,2474,,1,,
3,1,2475,,1,,
3,1,2476,,1,,
3,1,2477,,1,,
3,1,2478,,1,,
3,1,2479,,1,,
3,1,2480,,1,,
3,1,2481,,1,,
3,1,2482,,1,,
3,1,2483,,1,,
3,1,2484,,1,,
3,1,2485,,1,,
3,1,2486,,1,,
3,1,2487,,1,,
3,1,2488,,1,,
3,1,2489,,1,,
3,1,2490,,1,,
3,1,2491,,1,,
3,1,2492,,1,,
3,1,2493,,1,,
3,1,2494,,1,,
3,1,2495,,1,,
3,1,2496,,1,,
3,1,2497,,1,,
3,1,2498,,1,,
3,1,2499,,1,,
3,1,2500,,1,,
3,1,2501,,1,,
3,1,2502,,1,,
3,1,2503,,1,,
3,1,2504,,1,,
3,1,2505,,1,,
3,1,2506,,1,,
3,1,2507,,1,,
3,1,2508,,1,,
3,1,2509,,1,,
3,1,2510,,1,,
3,1,2511,,1,,
3,1,2512,,1,,
3,1,2513,,1,,
3,1,2514,,1,,
3,1,2515,,1,,
3,1,2516,,1,,
3,1,2517,,1,,
3,1,2518,,1,,
3,1,2519,,1,,
3,1,2520,,1,,
3,1,2521,,1,,
3,1,2522,,1,,
3,1,2523,,1,,
3,1,2524,,1,,
3,1,2525,,1,,
3,1,2526,,1,,
3,1,2527,,1,,
3,1,2528,,1,,
3,1,2529,,1,,
3,1,2530,,1,,
3,1,2531,,1,,
3,1,2532,,1,,
3,1,2533,,1,,
3,1,2534,,1,,
3,1,2535,,1,,
3,1,2536,,1,,
3,1,2537,,1,,
3,1,2538,,1,,
3,1,2539,,1,,
3,1,2540,,1,,
3,1,2541,,1,,
3,1,2542,,1,,
3,1,2543,,1,,
3,1,2544,,1,,
3,1,2545,,1,,
3,1,2546,,1,,
3,1,2547,,1,,
3,1,2548,,1,,
3,1,2549,,1,,
3,1,2550,,1,,
3,1,2551,,1,,
3,1,2552,,1,,
3,1,2553,,1,,
3,1,2554,,1,,
3,1,2555,,1,,
3,1,2556,,1,,
3,1,2557,,1,,
3,1,2558,,1,,
3,1,2559,,1,,
3,1,2560,,1,,
3,1,2561,,1,,
3,1,2562,,1,,
3,1,2563,,1,,
3,1,2564,,1,,
3,1,2565,,1,,
3,1,2566,,1,,
3,1,2567,,1,,
3,1,2568,,1,,
3,1,2569,,1,,
3,1,2570,,1,,
3,1,2571,,1,,
4,1,2572,,0,,
4,1,2573,,0,,
4,1,2574,,0,,
4,1,2575,,0,,
4,1,2576,,0,,
4,1,2577,,0,,
4,1,2578,,0,,
4,1,2579,,0,,
4,1,2580,,0,,
4,1,2581,,0,,
4,1,2582,,0,,
4,1,2583,,0,,
4,1,2584,,0,,
4,1,2585,,0,,
4,1,2586,,0,,
4,1,2587,,0,,
4,1,2588,,0,,
4,1,2589,,0,,
4,1,2590,,0,,
4,1,2591,,0,,
4,1,2592,,0,,
4,1,2593,,0,,
4,1,2594,,0,,
4,1,2595,,0,,
4,1,2596,,0,,
4,1,2597,,0,,
4,1,2598,,0,,
4,1,2599,,0,,
4,1,2600,,0,,
4,1,2601,,0,,
4,1,2602,,0,,
4,1,2603,,0,,
4,1,2604,,0,,
4,1,2605,,0,,
4,1,2606,,0,,
4,1,2607,,0,,
4,1,2608,,0,,
4,1,2609,,0,,
4,1,2610,,0,,
4,1,2611,,0,,
4,1,2612,,0,,
4,1,2613,,0,,
4,1,2614,,0,,
4,1,2615,,0,,
4,1,2616,,0,,
4,1,2617,,0,,
4,1,2618,,0,,
4,1,2619,,0,,
4,1,2620,,0,,
4,1,2621,,0,,
4,1,2622,,0,,
4,1,2623,,0,,
4,1,2624,,0,,
4,1,2625,,0,,
4,1,2626,,0,,
4,1,2627,,0,,
4,1,2628,,0,,
4,1,2629,,0,,
4,1,2630,,0,,
4,1,2631,,0,,
4,1,2632,,0,,
4,1,2633,,0,,
4,1,2634,,0,,
4,1,2635,,0,,
4,1,2636,,0,,
4,1,2637,,0,,
4,1,2638,,0,,
4,1,2639,,0,,
4,1,2640,,0,,
4,1,2641,,0,,
4,1,2642,,0,,
4,1,2643,,0,,
4,1,2644,,0,,
4,1,2645,,0,,
4,1,2646,,0,,
4,1,2647,,0,,
4,1,2648,,0,,
4,1,2649,,0,,
4,1,2650,,0,,
4,1,2651,,0,,
4,1,2652,,0,,
4,1,2653,,0,,
4,1,2654,,0,,
4,1,2655,,0,,
4,1,2656,,0,,
4,1,2657,,0,,
4,1,2658,,0,,
4,1,2659,,0,,
4,1,2660,,0,,
4,1,2661,,0,,
4,1,2662,,0,,
4,1,2663,,0,,
4,1,2664,,0,,
4,1,2665,,0,,
4,1,2666,,0,,
4,1,2667,,0,,
4,1,2668,,0,,
4,1,2669,,0,,
4,1,2670,,0,,
4,1,2671,,0,,
4,1,2672,,0,,
4,1,2673,,0,,
4,1,2674,,0,,
4,1,2675,,0,,
4,1,2676,,1,,
4,1,2677,,1,,
4,1,2678,,1,,
4,1,2679,,1,,
4,1,2680,,1,,
4,1,2681,,1,,
4,1,2682,,1,,
4,1,2683,,1,,
4,1,2684,,1,,
4,1,2685,,1,,
4,1,2686,,1,,
4,1,2687,,1,,
4,1,2688,,1,,
4,1,2689,,1,,
4,1,2690,,1,,
4,1,2691,,1,,
4,1,2692,,1,,
4,1,2693,,1,,
4,1,2694,,1,,
4,1,2695,,1,,
4,1,2696,,1,,
4,1,2697,,1,,
4,1,2698,,1,,
4,1,2699,,1,,
4,1,2700,,1,,
4,1,2701,,1,,
4,1,2702,,1,,
4,1,2703,,1,,
4,1,2704,,1,,
4,1,2705,,1,,
4,1,2706,,1,,
4,1,2707,,1,,
4,1,2708,,1,,
4,1,2709,,1,,
4,1,2710,,1,,
4,1,2711,,1,,
4,1,2712,,1,,
4,1,2713,,1,,
4,1,2714,,1,,
4,1,2715,,1,,
4,1,2716,,1,,
4,1,2717,,1,,
4,1,2718,,1,,
4,1,2719,,1,,
4,1,2720,,1,,
4,1,2721,,1,,
4,1,2722,,1,,
4,1,2723,,1,,
4,1,2724,,1,,
4,1,2725,,1,,
4,1,2726,,1,,
4,1,2727,,1,,
4,1,2728,,1,,
4,1,2729,,1,,
4,1,2730,,1,,
4,1,2731,,1,,
4,1,2732,,1,,
4,1,2733,,1,,
4,1,2734,,1,,
4,1,2735,,1,,
4,1,2736,,1,,
4,1,2737,,1,,
4,1,2738,,1,,
4,1,2739,,1,,
4,1,2740,,1,,
4,1,2741,,1,,
4,1,2742,,1,,
4,1,2743,,1,,
4,1,2744,,1,,
4,1,2745,,1,,
4,1,2746,,1,,
4,1,2747,,1,,
4,1,2748,,1,,
4,1,2749,,1,,
4,1,2750,,1,,
4,1,2751,,1,,
4,1,2752,,1,,
4,1,2753,,1,,
4,1,2754,,1,,
4,1,2755,,1,,
4,1,2756,,1,,
4,1,2757,,1,,
4,1,2758,,1,,
4,1,2759,,1,,
4,1,2760,,1,,
4,1,2761,,1,,
4,1,2762,,1,,
4,1,2763,,1,,
4,1,2764,,1,,
4,1,2765,,1,,
4,1,2766,,1,,
4,1,2767,,1,,
4,1,2768,,1,,
4,1,2769,,1,,
4,1,2770,,1,,
4,1,2771,,1,,
4,1,2772,,1,,
4,1,2773,,1,,
4,1,2774,,1,,
4,1,2775,,1,,
4,1,2776,,1,,
4,1,2777,,1,,
4,1,2778,,1,,
4,1,2779,,1,,
